0.00
0.00
0.00
0.00
0.00
0.00
0.00
0.00
0.00
0.00
0.00
0.00
8.00
11.00
12.00
11.00
11.00
11.00
11.00
11.00
11.00
12.00
12.00
12.00
12.00
12.00
12.00
12.00
12.00
12.00
11.00
11.00
12.00
12.00
12.00
12.00
11.00
12.00
12.00
12.00
12.00
7.00
2.00
2.00
0.00
0.00
0.00
0.00
0.00
0.00
0.00
0.00
0.00
0.00
0.00
0.00
0.00
0.00
0.00
1.00
7.00
7.00
8.00
9.00
9.00
9.00
9.00
9.00
9.00
9.00
9.00
9.00
9.00
9.00
9.00
9.00
9.00
8.00
8.00
8.00
10.00
9.00
9.00
10.00
10.00
10.00
10.00
11.00
12.00
11.00
11.00
11.00
11.00
11.00
11.00
12.00
12.00
12.00
12.00
12.00
12.00
12.00
12.00
12.00
11.00
11.00
12.00
12.00
12.00
12.00
11.00
12.00
12.00
12.00
12.00
7.00
2.00
2.00
0.00
0.00
0.00
0.00
0.00
0.00
0.00
0.00
0.00
0.00
0.00
0.00
0.00
0.00
0.00
1.00
7.00
7.00
8.00
9.00
9.00
9.00
9.00
9.00
9.00
9.00
9.00
9.00
9.00
9.00
9.00
9.00
9.00
8.00
8.00
8.00
10.00
9.00
9.00
10.00
10.00
10.00
11.00
12.00
11.00
11.00
11.00
11.00
11.00
11.00
12.00
12.00
12.00
12.00
12.00
12.00
12.00
12.00
12.00
11.00
11.00
12.00
12.00
12.00
12.00
11.00
12.00
12.00
12.00
12.00
7.00
2.00
2.00
0.00
0.00
0.00
0.00
0.00
0.00
0.00
0.00
0.00
0.00
0.00
0.00
0.00
0.00
0.00
1.00
7.00
7.00
8.00
9.00
9.00
9.00
9.00
9.00
9.00
9.00
9.00
9.00
9.00
9.00
9.00
9.00
9.00
8.00
8.00
8.00
10.00
9.00
9.00
10.00
10.00
10.00
10.00
9.00
9.00
9.00
10.00
10.00
8.00
10.00
10.00
10.00
10.00
10.00
10.00
10.00
10.00
10.00
10.00
9.00
10.00
10.00
10.00
10.00
10.00
10.00
11.00
11.00
11.00
11.00
11.00
10.00
11.00
10.00
10.00
10.00
11.00
10.00
10.00
10.00
10.00
11.00
11.00
11.00
11.00
11.00
11.00
11.00
10.00
11.00
10.00
10.00
10.00
10.00
10.00
10.00
10.00
11.00
3.00
0.00
1.00
0.00
0.00
0.00
0.00
0.00
0.00
0.00
0.00
0.00
0.00
0.00
0.00
0.00
0.00
0.00
0.00
2.00
5.00
8.00
9.00
8.00
8.00
8.00
8.00
8.00
8.00
8.00
8.00
8.00
9.00
8.00
9.00
9.00
8.00
8.00
8.00
8.00
8.00
8.00
9.00
9.00
9.00
9.00
9.00
9.00
9.00
9.00
9.00
9.00
9.00
9.00
9.00
9.00
9.00
3.00
2.00
2.00
0.00
0.00
0.00
0.00
0.00
0.00
0.00
0.00
0.00
0.00
1.00
1.00
1.00
1.00
1.00
1.00
1.00
1.00
1.00
1.00
2.00
2.00
2.00
0.00
0.00
0.00
0.00
0.00
0.00
0.00
0.00
0.00
0.00
0.00
0.00
0.00
0.00
0.00
0.00
0.00
0.00
0.00
0.00
0.00
0.00
0.00
0.00
0.00
0.00
0.00
0.00
0.00
0.00
0.00
0.00
0.00
0.00
0.00
0.00
0.00
0.00
0.00
0.00
0.00
0.00
0.00
0.00
0.00
0.00
0.00
0.00
0.00
0.00
0.00
0.00
0.00
0.00
1.00
1.00
1.00
1.00
1.00
1.00
1.00
1.00
1.00
1.00
1.00
1.00
0.00
0.00
0.00
0.00
0.00
1.00
0.00
0.00
0.00
0.00
0.00
0.00
3.00
0.00
0.00
0.00
0.00
0.00
0.00
0.00
0.00
0.00
0.00
0.00
0.00
0.00
0.00
0.00
0.00
1.00
1.00
1.00
1.00
1.00
1.00
1.00
1.00
1.00
1.00
1.00
1.00
2.00
2.00
2.00
2.00
2.00
2.00
2.00
2.00
2.00
2.00
2.00
1.00
1.00
1.00
1.00
1.00
4.00
1.00
2.00
2.00
2.00
2.00
4.00
4.00
4.00
4.00
4.00
4.00
4.00
4.00
4.00
4.00
4.00
4.00
4.00
3.00
3.00
6.00
5.00
5.00
3.00
5.00
6.00
6.00
6.00
6.00
6.00
6.00
6.00
6.00
6.00
6.00
6.00
6.00
6.00
6.00
6.00
6.00
6.00
6.00
6.00
6.00
6.00
6.00
6.00
6.00
1.00
1.00
1.00
1.00
1.00
1.00
1.00
1.00
1.00
1.00
1.00
1.00
1.00
2.00
2.00
2.00
4.00
9.00
9.00
10.00
10.00
1.00
1.00
1.00
1.00
1.00
1.00
1.00
1.00
1.00
2.00
0.00
0.00
0.00
0.00
0.00
0.00
0.00
3.00
2.00
5.00
6.00
6.00
6.00
6.00
6.00
6.00
7.00
6.00
6.00
7.00
7.00
7.00
7.00
7.00
7.00
7.00
7.00